$ANSIBLE_VAULT;1.1;AES256
65326637336462326564346632643239333235316132386462396564656563353165633364383266
3732626132346137363265666438633035613961646634610a313239663662343634383931353863
32643066656536383835313730356261623565326362626434393634623536346235326434386536
3836306639666630360a633138363064303331336235313930313731656338316661646166633835
38646563356539353265623763353934336538623865313335303662636638376634363662653334
38396238386262636330656635626132356161633534313332643965616462333165343937343639
62623333613932313866666232666237393337373664666666636233343633353364316264356435
37643130626164376662333561656435316534666561386535636464366233343663386562303032
62616662633336643961333963353239626264383864373738633563333231646134623434366532
39346661626265343531643539306465316430303235623537323539346663373431366535336637
31666434666261346661323634376539653036666331643632393236363631373736373162653631
31663163343464343533306433316265316337336634666432616237336639663430656538336531
32393261386236616636353130373335656232363466316161373935323135663635656261386536
39396331313633386539373236653462336535613233323035366365393932363236393937306334
36643133636136633230383031306264326230396430626565323731303439336630633933373530
31356561353338326433343035393264376361643839643730363762363934303430613935383133
31343466643761373039316162373532633362386337633238626534343239313935383236643065
33353037333364333930363239313762666337643636323231373264663136396533616337666561
34383761633639636530653434353763303765353630326237393766353462343031653538393161
39356334643134646332303531366439623935616665623762326332313931623939656230663966
33646461343137393437333833626165303463623738303566643337333333616530656533363037
31326264316230626464386463306462643330616661373936343165633166653462313465316137
39343733646530313638666430663733626362633334363734303065653065313264353832356338
37383335353336646266316639356332336634623139336366313864633761303162353133323737
62333537633330616666303330626163356336653132646638356637386665393932643262653834
31383865306561303064326364323561616361613764616465323363336164633539643565343439
63333239666130313066306330646335336162363430396366363137663839343733393933633938
63626161323963386465613035386336353833323764376464653738323733316539326438623665
61633531646631376230386230346236653938323430383961393137636264353266626237326664
34656561326464393462353236323863643561333739343266343439356663313565323535626634
31646666666538313539396665356234613361333931666436386538633864656137633232663565
33393537653036373564313462333833373263633462343737636262366337333631383263356638
36313462306334373237383964303561333733613532343032366634306166383137336162383933
62343333653435633266323663613632393039333462653235316465626330303232376563623937
35396332373063346164333332383034373832643933386139333431623363366165663134626433
32653136616564653665613530313936626133333532393139396137383435333237623234396331
39663030323662366533626437663639396165306438643539306635323361633134336537616233
32626630623938333138303832636639663261336131666430356338323363633836396339353532
38353539363634376334656238343935333637363536623166373038323564383731306232623666
35643264303864333333616461383165376164336335366236343635353862363664373766313362
35353535303139333664333436626536346539613332303137623431626561386361386430326637
64393261333037323039386137653039633535666538343266323362336366323966616563363663
39363561303834313064643361653336363062383662666462323965343064396233613637333562
34333338336338646163326435643262623961326137623530633737383238653733626264643634
33336536393166613537616235366532663363626630353739663637373239313639643637663861
64356561363239643130663835653834376466353864333163383664616465613962616539663466
66336134386463346638383936663034356263383864306139356563333763643331333135383161
35353633636137326133626137373435336432303031323531353635333338306535663732653461
63333764303832346433373138323031623133353934303336663537633535353839366537393732
64313363643363623633356566613831666263666464633563376462616536643532386235356364
37643933613165373639633366346533326136383531383530373463356638303431313665663661
39653762646461363761323463333865663032356133303261346265313836663039373663373236
39346631346362343131353038383639343235363531313130633231376239653339613730393736
64653863616264363762636632613164366331366531313265663930313432386336653531346165
33656466373233633464323164653934646336313839666632363165316633333332383063653933
62633863646134346564653562633539623435346430653665333033636461366534653562373264
34383830326461366464313433616535313365656134643530363638393037383739396564623036
32366633333438333437393161396230383063303138633432626466666463623831353239656465
32383438366639626333316435613965313439663966356531396365616433313133303266336136
30323332326631346565376361343336306434326435326438336262656465376437613637343039
30623865626265613565636263643630633933616338666639663464383432636339376566643161
33366437663531623431666432343638363833373037333761323264613138396332653262363162
65383161393833363565316330376661363938393034303863663336393331386133393031613436
62383862393731616435656436613730646136646435656331383066306339626265353663646331
34646530356666656239663534633737333837373466333263393564386332366563323230336439
62386562383061343461313630653932326338626636333738366437633033366564303863623538
30393631336636313737306132306530313463616264396437343930343438326234646162373032
36323231356661323231303235666631373263336539386331363531343463336634666132373166
38646136326133356663623338376538343563386439623266623662613764653338363062316635
64353761396365386165373166316462333764386263376336326636653639333636326136316238
37613736313466653463313433363032386238363036363434373063353333663665633230323334
66636230613438336431303232313532633235616432303365313033393062306430623935393831
65313830316433343866363637646362663537333136616462653134326336613764316166633132
36393338653662633063363864303033336230613664306631316166666330643734616539386337
64643365386263626364393865386166653466666431643535303265643730383061653866376631
35383433303030626639333937323339306232313163616434646661643561376337366531366366
62643734633937363137383434376266343365663532333837353238363366656232356232646330
39343533316136613866663062353363383836643339363661303232663533363766616231306136
61373535663536353233333764613865346637643939323461613931383039633738313739613464
37313166323866363932346462633835343034343134396333363261356465626335323039306332
36653236653636623261343464316536663735336232643234353835643331653837643631663466
36306439646661646661613265383336386537626331303465393665343166353364313732323534
35623535633839383362653632393430656239643631386139333936633236303064306564613032
62643236623230643833653839363236356162646239616539316338316537326439633662363539
33336433303863653665636139343566313934616431346336363434303862653664643466646535
33326532366335636566386133663932626364343839333636636361343834626438626131393039
30653330666436633235333535346236373130303964346133376537326366343866383665653433
37633866313566303438626161643133626465376330623338373432636531613135336239636366
39623333666431366530346261633165306364323735346134366634323161653264346365633961
39383231623530376466663461616261316262323965383564396332363334346334633761333465
63333737383964363537343038373565613233663962303138653930303166313263663738356435
35656136356234393839316235326661623566343461613132373033623364313934336436636137
39633732616536373266616331666133623039363330386163323039653133646632623861373534
39623830383836396163306439613137633633633035363465373938313036623639353364326466
66353835333938666365323130633265316666363337313961376135306131663161306262646432
64653536326536316239343534306664313234353964646135303962646538636539616632313534
64646636646238633435663761396163643063376663336664306236316464363964653563663336
38653462373731643939643237643334613336613862393338633438653432323565393233616265
62653935313264316434363438383939666438613230623661386535393865323064363736386334
62663461313261656663366435333961356438653930313531323236373535353333316365383034
34326232626438363631656161346139306130316231386331373738323663343761656231653563
33623732613934363233373334636438646136336336616661623761393636366262396562643166
65623465383230653836313061666131663835353834626631353631353836333636333832313362
30633864356337316361396232316336653731633139393739633830613333323630633965633831
66633937616336383164373762366233376365346636343530623136336334393363363135643233
61343462616634333839383036333630396564303032626564303938373538613663336635363664
35346464323666373361646131386434343965336533363638633236666362616333393662626565
39306634616432666333343033353764356530636464653534643264306330343762303537663365
62353863366531306565386534393834393338346534303462323130333664326637633832643035
64643632623434303161346236383734663864383530653462393466663466396362663238643537
64633637363732373862636263626537346166663935393034316262636464623733643465313861
34613634643537393237393066323231303961313065333932633365653439623361393238383139
33346661303066306566376462346438373932383439653332366363333366313539306333366339
61316466666435663132326530636634626565306335613362613836616464643035343963356436
36396564356366346539356238396539393563336338666564626638393564326332363234396361
31303839383132316430393362383665303233313365626330626338663439343330366437336133
35656432366565653064353831633033393964323664363734366265323064623139393235616132
31323862646462396566316139373466316262386366323635623732303836626161306562363735
34386464356532346433616162313335666131303233633137643534353636336465626338636432
66356632396333336561393431306336613166333933653038626636616333383736323036373534
31396662623730313435623630383230383562343431346231323539393534643265346165303039
37626333373362663035316331396432343838613735653432393336643663653833656232663631
64666632663138636232633332646166656134663736386561626438303736653737613033316435
35353331623235633937323164313634303038386639363238356433623631336335616137393663
65336463396166333138646263336664616432346633376631656239373265303035633738393163
30356239666536306636393661616166303961386164386530623234303632313264393436366566
39363062353331303464313162613464643763656537393631313538353639333565643534386261
32346665636535616136633866346465303432623961623065343164623162643135306664613237
66386134303234326337393235333566356163613635656263633366613963343263643661623431
38643533393564373361383937643063663931353934343364396231386565323232633935343537
62633266333631363163633433343032326138373433653962626536646665346632666132303234
64646466363733636666346166376235616639396262383431633435616630386136366437623262
61666238613662303737386536383438366434343764653131666432383262313364313163323935
6233336466623762663663303866326532633264653430633538
